,PRGS,ORCH_1_Dstop,ORCH_1_Drestart,ORCH_1_Fstop,ORCH_1_Frestart,PSCS__TAU,HUM_1_VEL,HUM_2_VEL,HUM_1_FW,HUM_1_AGE,HUM_1_STA,HUM_2_FW,HUM_2_AGE,HUM_2_STA,HUM_1_POS_X,HUM_1_POS_Y,HUM_2_POS_X,HUM_2_POS_Y,ROB_1_VEL,ROB_1_CHG,SCS
409,0.0,5.03,2.14,0.74,0.25,642.0,73.0,56.0,2.0,1.0,1.0,0.0,1.0,0.0,1467.38,280.01,607.4,734.15,66.0,11.93622719,0.1587742668333335
220,5.0,5.45,3.84,0.55,0.15,231.0,51.0,55.0,1.0,0.0,1.0,0.0,0.0,1.0,2463.9,187.38,2937.77,196.4,38.0,11.11744352,0.07760013099999997
485,4.0,6.23,3.85,0.55,0.21,342.0,42.0,96.0,2.0,1.0,0.0,2.0,1.0,1.0,992.71,180.36,2828.56,193.77,67.0,11.92544315,0.12945433275000012
544,0.0,6.258245067,2.384480131,0.7677434414,0.3862462485,471.0,72.45963064,59.46068142,0.0,1.0,2.0,2.0,0.0,0.0,1732.13,371.8,322.29,266.87,92.07693769,12.27885978,0.43009600891666644
105,0.0,6.29,2.76,0.79,0.16,337.0,65.0,57.0,1.0,1.0,1.0,1.0,0.0,1.0,325.88,158.79,4338.47,298.47,31.0,11.525585,0.13939116766666682
308,0.0,7.05,2.12,0.74,0.33,558.0,75.0,35.0,2.0,0.0,0.0,2.0,1.0,0.0,3138.2,228.91,1217.09,746.95,32.0,12.25219469,0.20195885783333323
603,0.0,5.65,3.24,0.71,0.27,298.0,86.0,80.0,0.0,0.0,1.0,1.0,0.0,0.0,2244.03,465.03,4200.11,792.34,85.0,11.69090956,0.5373898669999996
776,3.0,5.77,3.9,0.74,0.33,353.0,35.0,85.0,2.0,0.0,1.0,0.0,1.0,1.0,807.06,186.55,2842.21,194.08,38.0,11.46636967,0.06749267266666659
517,4.0,5.18,3.3,0.77,0.21,285.0,64.0,79.0,1.0,1.0,2.0,2.0,0.0,0.0,500.0,200.0,2886.28,195.34,83.0,11.88477936,0.19040127475000024
777,0.0,7.441103421,2.176920615,0.5282554198,0.1882419054,362.0,65.33099619,82.14520056,2.0,0.0,2.0,2.0,1.0,0.0,2250.17,407.14,2381.88,335.87,68.64537716,12.30375335,0.31985093883333304
682,0.0,7.04,3.54,0.54,0.23,451.0,42.0,83.0,1.0,1.0,1.0,2.0,0.0,1.0,526.6,250.38,305.31,750.11,94.0,11.21870049,0.3794339166666664
240,0.0,5.59,2.6,0.56,0.26,377.0,59.0,92.0,2.0,1.0,1.0,2.0,0.0,1.0,4161.81,215.39,2432.66,613.06,85.0,12.37726363,0.6430058192499999
490,0.0,5.27,3.48,0.77,0.2,475.0,47.0,42.0,1.0,1.0,0.0,0.0,1.0,2.0,2044.89,611.18,4048.1,687.35,45.0,11.29913046,0.1924787288333334
295,0.0,6.802262789,2.670404311,0.6749417856,0.2352035651,546.0,54.33300343,89.1811551,1.0,1.0,0.0,1.0,1.0,1.0,4374.08,403.67,1396.45,718.65,80.00560914,11.47636067,0.18467758333333317
524,1.0,5.9,3.15,0.65,0.23,135.0,96.0,30.0,2.0,0.0,1.0,2.0,1.0,2.0,615.86,192.81,1371.8,217.54,95.0,12.28255262,0.40611594666666656
282,0.0,5.27,3.72,0.59,0.39,440.0,82.0,50.0,0.0,1.0,1.0,0.0,0.0,1.0,2744.96,374.82,2688.23,307.8,86.0,12.0566229,0.5398323681666665
801,0.0,6.26,2.38,0.77,0.39,470.0,72.0,59.0,0.0,1.0,2.0,2.0,0.0,0.0,1732.13,371.8,322.29,266.87,92.0,12.27882619,0.43009600891666644
47,0.0,7.44,2.18,0.53,0.19,1.0,65.0,82.0,2.0,0.0,2.0,2.0,1.0,0.0,2250.17,407.14,2381.88,335.87,68.0,12.1969005,0.3139304614999997
384,0.0,6.25,4.12,0.56,0.18,465.0,94.0,41.0,2.0,0.0,0.0,1.0,0.0,0.0,1803.78,378.72,2999.74,645.48,55.0,12.20063445,0.24119668674999986
611,0.0,5.09,3.09,0.73,0.33,106.0,99.0,48.0,0.0,0.0,1.0,1.0,1.0,1.0,397.69,160.02,4010.89,767.06,42.0,11.19036078,0.17929528433333344
581,2.0,6.29,2.76,0.79,0.16,337.0,65.0,57.0,1.0,1.0,1.0,1.0,0.0,1.0,368.17,171.7,1400.0,200.0,31.0,11.525585,0.09814518075000009
146,5.0,7.27,3.92,0.51,0.36,168.0,45.0,93.0,2.0,1.0,1.0,0.0,0.0,2.0,2747.17,193.79,2889.94,193.49,52.0,12.25871126,0.359150266333333
723,3.0,6.75,3.75,0.62,0.36,243.0,45.0,60.0,2.0,0.0,0.0,2.0,1.0,0.0,466.64,180.5,2874.06,201.93,83.0,12.20328957,0.103381442
475,0.0,5.822658652,3.939026701,0.54267005,0.3100488283,546.0,77.17514955,78.15010266,1.0,0.0,0.0,2.0,0.0,0.0,1808.47,343.5,2436.27,221.71,99.98468092,12.28428851,0.5218802782499998
34,0.0,5.405137316,3.389178644,0.6666167546,0.1136480529,275.0,32.6097776,30.43044934,2.0,1.0,1.0,0.0,1.0,0.0,1549.93,226.38,3014.82,769.25,60.33883814,11.26937099,0.16666065383333348
