PRGS,ORCH_1_Dstop,ORCH_1_Drestart,ORCH_1_Fstop,ORCH_1_Frestart,PSCS__TAU,HUM_1_VEL,HUM_2_VEL,HUM_1_FW,HUM_1_AGE,HUM_1_STA,HUM_2_FW,HUM_2_AGE,HUM_2_STA,HUM_1_POS_X,HUM_1_POS_Y,HUM_2_POS_X,HUM_2_POS_Y,ROB_1_VEL,ROB_1_CHG
0,7.01,2.83,0.62,0.11,328,37.0,52.0,2,0,0,0,1,1,4178.6,693.29,70.28,534.16,70.0,11.55881977
0,7.01,4.45,0.66,0.36,330,76.0,75.0,2,1,2,2,1,1,801.43,728.17,364.2,741.87,35.0,11.71598751
0,5.43,2.85,0.5,0.33,169,18.0,75.0,0,0,0,2,0,2,148.0,743.6,1777.71,414.59,46.0,11.45511146
0,5.44,2.15,0.74,0.24,397,96.0,52.0,2,1,1,0,1,2,394.74,767.75,1983.4,299.33,68.0,11.87284347
3,5.71,4.34,0.66,0.26,98,28.0,67.0,2,0,0,2,1,2,465.57,182.0,2932.81,195.54,42.0,12.31120974
0,5.71,4.34,0.66,0.26,196,28.0,67.0,2,0,0,2,1,2,813.97,186.0,3635.85,690.65,42.0,12.34027502
0,5.32,2.64,0.61,0.36,230,56.0,99.0,2,0,1,1,0,0,324.43,173.64,2587.67,305.43,43.0,11.61346666
0,5.32,2.64,0.61,0.36,690,56.0,99.0,2,0,1,1,0,0,1466.4,709.97,2587.67,305.43,43.0,11.74909577
0,5.437786196,2.152160487,0.7388661164,0.2432223567,398,96.01467048,52.1837222,2,1,1,0,1,2,394.74,767.75,1983.4,299.33,68.7539071,11.87287095
3,5.43,3.21,0.56,0.27,1,97.0,65.0,1,0,2,2,1,1,386.67,164.94,2878.52,194.36,47.0,11.99915234
4,7.01,2.83,0.62,0.11,1,22.0,52.0,2,0,0,0,1,1,1579.49,164.77,2865.33,197.52,70.0,11.46147624
0,5.32,2.64,0.61,0.36,460,56.0,99.0,2,0,1,1,0,0,326.49,173.8,2587.67,305.43,43.0,11.67981101
0,7.01,2.83,0.62,0.11,219,37.0,52.0,2,0,0,0,1,1,2877.59,168.07,70.28,534.16,70.0,11.5257637
0,5.41,4.19,0.62,0.26,540,38.0,79.0,1,1,2,2,1,2,3115.69,584.43,138.53,411.75,39.0,11.22282963
0,7.01,4.45,0.66,0.36,330,76.0,75.0,2,1,2,2,1,1,801.43,728.17,364.2,741.87,35.0,11.71599643
3,5.71,4.34,0.66,0.26,98,48.0,67.0,2,0,0,2,1,2,481.36,181.43,2932.82,195.54,42.0,12.31121293
0,5.428523759,3.207669876,0.5649153489,0.26821115,602,97.92951157,65.69694939,1,0,2,2,1,1,283.37,226.93,561.99,775.95,47.28361732,12.17367891
1,7.01,2.83,0.62,0.11,110,22.0,52.0,2,0,0,0,1,1,419.22,199.33,1140.8,194.22,70.0,11.49312296
0,7.01,4.45,0.66,0.36,330,76.0,75.0,2,1,2,2,1,1,801.43,728.17,364.2,741.87,35.0,11.71597905
0,5.71,4.34,0.66,0.26,196,48.0,67.0,2,0,0,2,1,2,833.96,185.09,3635.85,690.65,42.0,12.34029183
2,7.23,4.3,0.66,0.24,335,61.0,46.0,0,1,0,1,0,1,110.16,339.59,2850.17,196.58,98.0,12.03738355
2,7.23,4.3,0.66,0.24,335,61.0,46.0,0,1,0,1,0,1,110.16,339.59,2014.25,180.3,98.0,12.03738652
0,5.71,4.34,0.66,0.26,294,48.0,67.0,2,0,0,2,1,2,3313.08,212.76,3635.85,690.65,42.0,12.37029545
0,5.44,2.15,0.74,0.24,133,96.0,52.0,2,1,1,0,1,2,394.74,767.75,1983.4,299.33,68.0,11.79395431
5,7.23,4.3,0.66,0.24,167,61.0,46.0,0,1,0,1,0,1,2925.1,231.67,2924.15,198.27,98.0,11.98768624
0,7.01,2.83,0.62,0.11,219,37.0,52.0,2,0,0,0,1,1,2877.59,168.07,70.28,534.16,70.0,11.52576348
3,5.43,3.21,0.56,0.27,1,97.0,65.0,1,0,2,2,1,1,283.37,226.93,2878.52,194.36,47.0,11.99911534
4,7.01,2.83,0.62,0.11,1,22.0,52.0,2,0,0,0,1,1,1246.61,167.61,2853.8,196.58,70.0,11.46147317
0,5.43,3.21,0.56,0.27,601,97.0,65.0,1,0,2,2,1,1,283.37,226.93,561.99,775.95,47.0,12.17363616
2,7.23,4.3,0.66,0.24,167,61.0,46.0,0,1,0,1,0,1,104.08,278.9,1676.47,169.83,98.0,11.98768747
0,5.43,3.21,0.56,0.27,601,97.0,65.0,1,0,2,2,1,1,283.37,226.93,561.99,775.95,47.0,12.17363616
0,7.23,4.3,0.66,0.24,503,61.0,46.0,0,1,0,1,0,1,128.43,521.68,158.09,205.08,98.0,12.08801127
0,5.43,2.85,0.5,0.33,169,18.0,75.0,0,0,0,2,0,2,148.0,743.6,1777.71,414.59,46.0,11.45510884
0,7.01,4.45,0.66,0.36,165,76.0,75.0,2,1,2,2,1,1,801.43,728.17,364.2,741.87,35.0,11.66748416
3,5.71,4.34,0.66,0.26,98,48.0,40.0,2,0,0,2,1,2,501.1,181.25,2878.83,195.5,42.0,12.31123208
4,5.43,2.85,0.5,0.33,1,31.0,75.0,0,0,0,2,0,2,1253.73,400.55,2877.66,195.43,46.0,11.40496291
0,5.408650677,4.189987323,0.6193887536,0.2627350979,541,38.11980667,79.84105482,1,1,2,2,1,2,3115.69,584.43,138.53,411.75,39.37003079,11.22286933
0,7.01,2.83,0.62,0.11,328,37.0,52.0,2,0,0,0,1,1,4178.6,693.29,70.28,534.16,70.0,11.55881977
0,5.44,2.15,0.74,0.24,397,96.0,52.0,2,1,1,0,1,2,394.74,767.75,1983.4,299.33,68.0,11.87284347
0,5.43,2.85,0.5,0.33,253,31.0,75.0,0,0,0,2,0,2,211.87,723.35,1777.71,414.59,46.0,11.48085857
0,7.01,4.45,0.66,0.36,165,76.0,75.0,2,1,2,2,1,1,801.43,728.17,364.2,741.87,35.0,11.66748126
0,7.232661496,4.296768802,0.6617945471,0.2424360334,504,61.32758451,46.87884502,0,1,0,1,0,1,128.43,521.68,158.09,205.08,98.81005942,12.08804791
0,5.44,2.15,0.74,0.24,1,96.0,52.0,2,1,1,0,1,2,394.74,767.75,1983.4,299.33,68.0,11.75541047
0,7.23,4.3,0.66,0.24,503,61.0,46.0,0,1,0,1,0,1,128.43,521.68,158.09,205.08,98.0,12.08801127
0,5.43,2.85,0.5,0.33,253,31.0,75.0,0,0,0,2,0,2,211.87,723.35,1777.71,414.59,46.0,11.48085857
3,5.43,3.21,0.56,0.27,401,97.0,65.0,1,0,2,2,1,1,386.67,164.94,2878.52,194.36,47.0,12.11336319
0,5.32,2.64,0.61,0.36,690,56.0,99.0,2,0,1,1,0,0,1466.4,709.97,2587.67,305.43,43.0,11.74909577
0,7.23,4.3,0.66,0.24,503,61.0,46.0,0,1,0,1,0,1,128.43,521.68,158.09,205.08,98.0,12.08801127
0,5.32,2.64,0.61,0.36,230,56.0,99.0,2,0,1,1,0,0,326.49,173.8,2587.67,305.43,43.0,11.61347477
4,7.01,2.83,0.62,0.11,1,22.0,52.0,2,0,0,0,1,1,1491.47,163.31,2936.78,196.3,70.0,11.46146728
5,7.23,4.3,0.66,0.24,167,61.0,46.0,0,1,0,1,0,1,5485.22,133.51,2882.08,197.64,98.0,11.98770016
0,7.01,2.83,0.62,0.11,219,37.0,52.0,2,0,0,0,1,1,2840.64,167.73,70.28,534.16,70.0,11.52576789
2,7.01,2.83,0.62,0.11,110,22.0,52.0,2,0,0,0,1,1,545.18,195.08,1400.0,200.0,70.0,11.49312885
0,7.00781474,2.827169072,0.6197504569,0.110899464,329,37.66176195,52.59869204,2,0,0,0,1,1,4178.6,693.29,70.28,534.16,70.99928002,11.5588442
1,7.01,2.83,0.62,0.11,110,22.0,52.0,2,0,0,0,1,1,531.15,195.49,1171.79,194.91,70.0,11.49311825
0,5.32,2.64,0.61,0.36,460,56.0,99.0,2,0,1,1,0,0,324.43,173.64,2587.67,305.43,43.0,11.67978758
0,5.41,4.19,0.62,0.26,360,22.0,79.0,1,1,2,2,1,2,1909.3,165.27,138.53,411.75,39.0,11.16857676
3,5.43,2.85,0.5,0.33,85,31.0,75.0,0,0,0,2,0,2,309.0,186.38,2877.66,195.43,46.0,11.43021933
0,5.43,3.21,0.56,0.27,601,97.0,65.0,1,0,2,2,1,1,283.37,226.93,561.99,775.95,47.0,12.17363616
0,5.41,4.19,0.62,0.26,180,38.0,79.0,1,1,2,2,1,2,355.76,177.88,138.53,411.75,39.0,11.11601072
0,7.01,4.45,0.66,0.36,495,76.0,75.0,2,1,2,2,1,1,801.43,728.17,364.2,741.87,35.0,11.76602082
0,5.41,4.19,0.62,0.26,540,38.0,79.0,1,1,2,2,1,2,3115.69,584.43,138.53,411.75,39.0,11.22282963
0,5.71,4.34,0.66,0.26,294,48.0,67.0,2,0,0,2,1,2,3313.08,212.76,3635.85,690.65,42.0,12.37029545
0,5.44,2.15,0.74,0.24,397,96.0,52.0,2,1,1,0,1,2,394.74,767.75,1983.4,299.33,68.0,11.87284347
0,5.710332066,4.343234966,0.6599243774,0.2560126013,295,48.20673063,67.75876351,2,0,0,2,1,2,3313.08,212.76,3635.85,690.65,42.11047748,12.37031683
0,7.01,4.45,0.66,0.36,165,76.0,75.0,2,1,2,2,1,1,801.43,728.17,364.2,741.87,35.0,11.66750297
0,5.44,2.15,0.74,0.24,133,96.0,52.0,2,1,1,0,1,2,394.74,767.75,1983.4,299.33,68.0,11.79336932
0,5.44,2.15,0.74,0.24,265,96.0,52.0,2,1,1,0,1,2,394.74,767.75,1983.4,299.33,68.0,11.83250579
3,5.43,3.21,0.56,0.27,201,97.0,65.0,1,0,2,2,1,1,283.37,226.93,2878.52,194.36,47.0,12.05501105
3,5.43,2.85,0.5,0.33,85,31.0,75.0,0,0,0,2,0,2,339.72,186.57,2877.66,195.43,46.0,11.43021253
3,5.43,2.85,0.5,0.33,85,31.0,75.0,0,0,0,2,0,2,278.08,184.17,2877.66,195.43,46.0,11.43021602
0,5.427365649,2.850706957,0.5002540687,0.3282139779,254,31.48369018,75.15306424,0,0,0,2,0,2,211.87,723.35,1777.71,414.59,46.80554723,11.48087689
0,7.006962322,4.448633209,0.6618493277,0.3565808487,496,76.1208014,75.17410024,2,1,2,2,1,1,801.43,728.17,364.2,741.87,35.49806476,11.76605746
2,7.23,4.3,0.66,0.24,335,61.0,46.0,0,1,0,1,0,1,104.08,278.9,1676.47,169.83,98.0,12.03736869
0,5.43,2.85,0.5,0.33,253,31.0,75.0,0,0,0,2,0,2,211.87,723.35,1777.71,414.59,46.0,11.48085857
0,5.71,4.34,0.66,0.26,294,48.0,67.0,2,0,0,2,1,2,3313.08,212.76,3635.85,690.65,42.0,12.37029545
0,7.01,4.45,0.66,0.36,495,76.0,75.0,2,1,2,2,1,1,801.43,728.17,364.2,741.87,35.0,11.76602082
3,5.43,3.21,0.56,0.27,401,97.0,65.0,1,0,2,2,1,1,393.08,160.03,2878.52,194.36,47.0,12.11337733
0,5.44,2.15,0.74,0.24,1,96.0,52.0,2,1,1,0,1,2,394.74,767.75,1983.4,299.33,68.0,11.75540571
3,5.43,3.21,0.56,0.27,201,97.0,65.0,1,0,2,2,1,1,386.67,164.94,2878.52,194.36,47.0,12.05502496
